134 7 2210.000000
0.00 13.51 31.32 32.34 34.46 35.69 37.66 39.76 36.28 35.36 32.67 34.31 33.01 29.77 32.39 31.40 26.80 14.14 15.03 28.30 15.03 7.82 7.89 8.03 8.12 10.98 13.00 15.88 17.41 20.73 17.26 15.89 13.87 34.66 17.00 24.82 24.80 26.40 25.59 26.42 29.29 31.16 31.02 28.97 28.97 25.97 8.06 9.79 15.28 17.57 19.10 19.02 18.90 20.80 19.71 20.36 21.00 20.62 19.01 13.58 13.47 15.98 17.18 19.10 14.12 48.08 10.30 25.50 19.65 53.49 53.14 13.00 6.40 7.28 10.44 11.96 12.75 13.34 15.03 21.21 35.38 61.33 15.13 45.28 40.31 40.31 39.40 26.08 32.56 22.80 21.91 6.18 23.21 23.62 24.04 27.29 24.78 23.71 24.19 24.32 23.75 22.80 21.47 21.10 21.99 21.60 144.17 146.67 146.77 143.57 79.62 79.20 78.79 79.48 112.22 102.11 79.01 72.00 9.06 58.52 119.25 91.79 80.53 80.32 80.11 79.00 79.71 80.62 80.23 79.85 47.41 79.00 60.93 21.02 12.82 
13.51 0.00 21.64 20.46 24.81 25.96 27.95 30.78 27.34 26.26 24.22 26.73 25.52 24.60 27.24 26.41 22.19 24.51 25.78 41.50 26.22 12.84 8.81 8.12 8.58 12.01 10.60 13.26 12.47 12.80 10.41 8.28 3.47 36.47 5.24 12.02 12.25 14.26 14.03 15.02 17.36 19.70 19.83 17.63 17.63 15.36 20.36 4.11 2.30 4.08 5.96 6.07 6.02 8.20 7.61 8.32 9.11 9.11 8.20 5.66 4.28 4.10 4.15 11.60 7.32 61.59 18.85 20.73 31.89 49.02 48.45 21.76 7.14 7.76 6.20 1.56 5.33 6.93 11.40 12.71 36.90 66.93 27.30 55.06 47.39 47.39 46.40 27.11 27.80 20.41 18.71 11.84 16.75 13.57 13.94 15.12 13.05 11.85 11.99 11.91 11.49 10.17 8.85 8.87 9.72 10.21 153.23 155.25 155.28 149.62 84.70 84.42 84.15 85.36 122.37 112.98 88.65 81.80 21.21 70.53 125.73 97.06 85.66 85.52 85.38 84.29 85.12 86.09 85.83 85.59 60.32 88.75 66.71 20.35 4.61 
31.32 21.64 0.00 7.12 3.20 4.41 6.41 9.17 5.83 4.72 3.89 7.05 6.46 10.76 11.78 11.71 11.46 44.85 45.95 58.75 36.70 25.16 23.45 23.30 23.21 21.63 18.83 16.97 14.58 10.63 14.09 15.49 24.62 57.59 24.08 12.46 11.59 9.46 8.46 7.49 7.55 5.50 4.59 5.74 5.74 6.39 39.36 25.14 22.10 20.08 16.82 16.38 16.32 14.30 14.26 13.61 12.82 12.61 13.47 18.15 18.80 17.55 17.92 31.13 28.50 76.35 39.64 40.03 50.96 65.84 65.09 42.63 26.65 28.60 27.80 22.60 26.83 28.31 32.67 31.08 57.91 88.51 39.16 57.69 46.07 46.07 45.13 22.42 12.78 15.34 14.20 25.93 9.53 8.12 7.72 9.12 9.44 10.52 10.97 11.44 11.41 13.01 13.85 13.31 12.70 11.54 174.60 176.75 176.79 171.17 106.17 105.92 105.67 106.95 143.26 133.38 109.75 102.82 40.34 89.78 147.34 118.54 107.14 107.01 106.89 105.79 106.64 107.62 107.39 107.16 78.07 109.80 88.31 41.47 26.10 
32.34 20.46 7.12 0.00 8.32 8.80 10.21 13.74 11.38 10.40 10.88 13.93 13.52 17.70 18.89 18.78 17.92 44.85 46.08 60.54 40.31 27.50 24.87 24.53 24.60 24.26 21.29 20.40 17.77 13.39 16.30 16.86 22.75 54.48 21.34 8.81 8.32 6.20 6.75 5.97 3.10 1.87 2.72 3.68 3.68 7.00 40.09 24.45 20.16 17.71 14.68 14.44 14.47 12.26 12.95 12.25 11.51 11.77 13.33 18.78 18.92 16.77 16.32 27.81 26.30 79.26 39.28 36.11 51.79 60.42 59.62 42.21 26.75 28.11 26.56 21.76 25.06 26.31 30.33 27.29 54.70 86.05 42.47 63.53 52.42 52.42 51.45 28.65 19.88 21.01 19.53 27.82 14.36 9.41 9.05 5.35 7.60 8.73 8.47 8.57 8.96 10.36 11.62 11.62 10.75 10.75 173.43 175.30 175.30 168.43 103.31 103.12 102.94 104.43 142.81 133.42 109.04 102.22 41.02 90.66 144.87 115.67 104.29 104.20 104.10 103.03 103.92 104.91 104.74 104.58 79.74 109.16 85.92 38.66 24.37 
34.46 24.81 3.20 8.32 0.00 1.24 3.21 6.11 3.11 2.08 3.64 6.02 6.05 11.53 11.84 12.03 12.95 48.03 49.13 61.74 39.33 28.15 26.58 26.44 26.34 24.59 21.85 19.82 17.53 13.73 17.20 18.66 27.75 60.63 27.10 15.17 14.36 12.13 11.37 10.36 9.73 7.21 6.44 8.22 8.22 9.49 42.50 28.33 25.21 23.13 19.88 19.45 19.40 17.34 17.38 16.71 15.91 15.75 16.66 21.35 22.00 20.73 21.04 34.10 31.61 79.08 42.83 42.90 54.08 68.28 67.51 45.83 29.85 31.80 30.98 25.79 29.97 31.44 35.78 33.96 60.94 91.65 41.86 59.18 47.19 47.19 46.26 23.83 12.83 17.34 16.43 28.98 12.18 11.31 10.92 11.65 12.37 13.50 13.85 14.28 14.32 15.93 16.85 16.37 15.72 14.67 177.80 179.95 179.99 174.29 109.27 109.02 108.78 110.08 146.44 136.54 112.94 106.01 43.49 92.87 150.48 121.63 110.23 110.11 109.99 108.90 109.76 110.73 110.50 110.29 81.05 113.00 91.45 44.53 29.25 
35.69 25.96 4.41 8.80 1.24 0.00 2.00 5.15 2.69 2.00 4.47 6.34 6.61 12.30 12.37 12.65 13.90 49.25 50.36 62.97 40.50 29.38 27.81 27.67 27.57 25.82 23.09 21.04 18.76 14.97 18.44 19.88 28.87 61.68 28.16 16.10 15.31 13.06 12.40 11.38 10.51 7.90 7.21 9.12 9.12 10.62 43.74 29.52 26.32 24.21 20.96 20.54 20.50 18.41 18.50 17.83 17.02 16.89 17.83 22.56 23.21 21.89 22.16 35.11 32.71 80.26 44.05 43.86 55.32 69.03 68.25 47.04 31.06 33.00 32.14 26.96 31.10 32.56 36.88 34.93 61.98 92.76 43.05 60.03 47.93 47.93 47.01 24.70 13.34 18.38 17.54 30.22 13.38 12.50 12.10 12.53 13.41 14.56 14.87 15.26 15.34 16.95 17.91 17.46 16.79 15.80 179.00 181.14 181.18 175.39 110.35 110.11 109.88 111.20 147.67 137.77 114.16 107.23 44.72 94.11 151.61 122.72 111.32 111.20 111.09 110.00 110.86 111.83 111.61 111.40 82.28 114.21 92.57 45.61 30.38 
37.66 27.95 6.41 10.21 3.21 2.00 0.00 3.54 2.69 2.83 5.83 6.85 7.46 13.31 13.00 13.42 15.21 51.24 52.35 64.85 42.19 31.28 29.77 29.64 29.54 27.70 25.00 22.88 20.65 16.92 20.40 21.87 30.84 63.60 30.08 17.92 17.16 14.89 14.31 13.30 12.22 9.55 8.94 10.96 10.96 12.60 45.71 31.52 28.28 26.15 22.90 22.50 22.46 20.35 20.47 19.79 18.99 18.87 19.83 24.56 25.20 23.88 24.13 37.00 34.67 81.99 46.04 45.69 57.27 70.60 69.81 49.04 33.06 35.00 34.13 28.96 33.08 34.53 38.83 36.77 63.89 94.73 44.78 61.06 48.75 48.75 47.85 25.81 13.93 19.85 19.12 32.14 15.17 14.50 14.10 14.32 15.33 16.49 16.76 17.14 17.24 18.85 19.84 19.42 18.72 17.78 181.00 183.13 183.17 177.34 112.29 112.06 111.83 113.16 149.66 139.74 116.16 109.22 46.69 96.05 153.57 124.66 113.27 113.15 113.03 111.94 112.81 113.78 113.56 113.36 84.15 116.21 94.54 47.54 32.36 
39.76 30.78 9.17 13.74 6.11 5.15 3.54 0.00 3.50 4.53 7.10 6.44 7.53 13.12 12.10 12.75 15.53 53.56 54.61 66.43 43.16 33.02 31.87 31.81 31.65 29.43 26.88 24.47 22.46 19.12 22.55 24.20 33.79 66.73 33.20 21.24 20.44 18.20 17.48 16.47 15.65 13.01 12.35 14.27 14.27 15.55 47.82 34.19 31.26 29.22 25.97 25.54 25.48 23.43 23.43 22.78 21.98 21.78 22.59 27.01 27.77 26.68 27.09 40.21 37.67 82.97 48.50 48.99 59.27 74.11 73.32 51.50 35.50 37.58 36.91 31.69 35.99 37.48 41.84 40.06 67.04 97.68 45.85 60.34 47.69 47.69 46.82 25.47 12.90 20.41 19.99 34.03 16.74 17.21 16.83 17.68 18.48 19.61 19.96 20.38 20.43 22.04 22.96 22.46 21.82 20.71 183.52 185.74 185.80 180.34 115.34 115.08 114.84 116.11 151.94 141.85 118.55 111.59 48.81 97.89 156.50 127.70 116.30 116.18 116.05 114.96 115.81 116.78 116.55 116.33 85.70 118.59 97.47 50.62 35.26 
36.28 27.34 5.83 11.38 3.11 2.69 2.69 3.50 0.00 1.12 3.70 4.16 4.84 10.70 10.31 10.74 12.75 50.06 51.12 63.09 40.07 29.61 28.39 28.32 28.17 26.02 23.44 21.10 19.03 15.62 19.06 20.70 30.39 63.41 29.90 18.18 17.34 15.15 14.27 13.28 12.83 10.32 9.55 11.26 11.26 12.21 44.34 30.71 27.88 25.90 22.65 22.20 22.14 20.13 20.06 19.42 18.63 18.39 19.14 23.51 24.28 23.24 23.71 36.96 34.29 79.89 45.00 45.84 55.81 71.38 70.61 48.00 32.00 34.09 33.46 28.23 32.58 34.08 38.46 36.90 63.74 94.26 42.71 58.41 46.07 46.07 45.17 23.20 11.24 17.50 16.91 30.59 13.35 13.77 13.40 14.71 15.25 16.35 16.77 17.22 17.22 18.83 19.68 19.14 18.53 17.34 180.02 182.25 182.30 176.94 111.96 111.70 111.45 112.70 148.45 138.38 115.05 108.09 45.33 94.48 153.07 124.32 112.92 112.79 112.66 111.57 112.42 113.39 113.15 112.92 82.38 115.09 94.04 47.28 31.85 
35.36 26.26 4.72 10.40 2.08 2.00 2.83 4.53 1.12 0.00 3.02 4.36 4.74 10.55 10.44 10.77 12.38 49.09 50.16 62.30 39.45 28.78 27.46 27.38 27.24 25.19 22.56 20.30 18.17 14.66 18.11 19.71 29.30 62.30 28.79 17.07 16.22 14.04 13.15 12.17 11.75 9.28 8.49 10.16 10.16 11.10 43.42 29.66 26.79 24.80 21.54 21.09 21.03 19.02 18.96 18.31 17.52 17.30 18.07 22.50 23.25 22.16 22.61 35.85 33.19 79.26 44.00 44.72 54.92 70.29 69.53 47.00 31.00 33.06 32.39 27.17 31.49 32.98 37.36 35.78 62.63 93.17 42.06 58.31 46.10 46.10 45.19 23.02 11.40 17.03 16.34 29.72 12.56 12.69 12.32 13.60 14.14 15.23 15.65 16.11 16.10 17.71 18.57 18.03 17.42 16.24 179.01 181.22 181.28 175.85 110.86 110.60 110.35 111.61 147.49 137.46 114.07 107.12 44.41 93.62 151.99 123.23 111.83 111.70 111.57 110.48 111.32 112.29 112.06 111.83 81.60 114.11 92.96 46.17 30.76 
32.67 24.22 3.89 10.88 3.64 4.47 5.83 7.10 3.70 3.02 0.00 3.16 2.65 7.89 8.32 8.43 9.45 46.52 47.56 59.39 36.43 25.93 24.79 24.74 24.57 22.34 19.78 17.40 15.36 12.11 15.50 17.23 27.39 60.52 27.15 16.08 15.17 13.15 11.95 11.05 11.43 9.36 8.46 9.58 9.58 9.60 40.73 27.42 24.94 23.13 19.90 19.41 19.33 17.45 17.19 16.60 15.83 15.49 16.04 20.10 20.95 20.12 20.78 34.30 31.31 76.25 41.53 43.33 52.16 69.52 68.78 44.53 28.55 30.72 30.25 25.01 29.51 31.05 35.48 34.40 60.89 91.12 39.05 55.58 43.55 43.55 42.62 20.24 9.31 14.03 13.31 26.93 9.66 10.73 10.40 12.90 12.86 13.84 14.42 14.95 14.82 16.39 17.08 16.42 15.92 14.49 176.54 178.82 178.88 173.83 108.92 108.64 108.37 109.56 144.87 134.75 111.52 104.55 41.72 90.80 149.89 121.28 109.88 109.74 109.60 108.50 109.33 110.30 110.04 109.80 78.68 111.55 90.89 44.37 28.78 
34.31 26.73 7.05 13.93 6.02 6.34 6.85 6.44 4.16 4.36 3.16 0.00 1.30 6.72 6.15 6.59 9.11 48.32 49.30 60.38 36.82 27.23 26.50 26.53 26.31 23.65 21.31 18.64 16.90 14.22 17.45 19.34 29.99 63.16 29.94 19.17 18.25 16.27 15.01 14.14 14.59 12.48 11.58 12.74 12.74 12.59 42.33 29.74 27.61 25.91 22.72 22.21 22.12 20.33 19.96 19.40 18.66 18.26 18.63 22.28 23.24 22.67 23.48 37.12 33.93 76.61 43.51 46.21 53.60 72.60 71.87 46.50 30.60 32.91 32.65 27.42 32.06 33.63 38.09 37.31 63.55 93.51 39.55 54.29 41.91 41.91 41.01 19.17 7.08 14.01 13.71 28.39 11.10 13.47 13.17 16.04 15.89 16.82 17.45 18.00 17.84 19.38 20.00 19.28 18.83 17.30 178.41 180.79 180.87 176.22 111.39 111.10 110.81 111.94 146.50 136.21 113.30 106.30 43.33 92.02 152.21 123.74 112.35 112.20 112.06 110.95 111.77 112.73 112.46 112.19 79.61 113.30 93.26 47.01 31.33 
33.01 25.52 6.46 13.52 6.05 6.61 7.46 7.53 4.84 4.74 2.65 1.30 0.00 5.86 5.79 6.04 8.02 47.02 48.00 59.12 35.64 25.94 25.20 25.23 25.01 22.36 20.01 17.35 15.60 12.95 16.16 18.06 28.80 61.96 28.80 18.25 17.33 15.42 14.07 13.25 13.92 11.96 11.05 12.02 12.02 11.60 41.04 28.48 26.43 24.78 21.61 21.10 20.99 19.25 18.83 18.28 17.56 17.13 17.45 21.01 21.98 21.47 22.32 36.00 32.74 75.45 42.22 45.11 52.31 71.66 70.93 45.20 29.32 31.63 31.41 26.18 30.84 32.42 36.88 36.22 62.36 92.26 38.36 53.60 41.36 41.36 40.45 18.36 6.77 12.88 12.50 27.09 9.80 12.35 12.07 15.24 14.92 15.81 16.48 17.04 16.85 18.37 18.94 18.20 17.78 16.20 177.11 179.49 179.57 174.97 110.15 109.86 109.57 110.68 145.20 134.92 112.00 105.00 42.03 90.74 150.95 122.50 111.11 110.96 110.81 109.71 110.52 111.48 111.21 110.94 78.36 112.00 92.00 45.81 30.12 
29.77 24.60 10.76 17.70 11.53 12.30 13.31 13.12 10.70 10.55 7.89 6.72 5.86 0.00 2.69 1.80 3.00 43.91 44.78 54.62 30.55 22.23 22.31 22.49 22.17 18.81 16.98 13.91 12.91 11.92 14.33 16.45 28.05 60.85 28.69 20.12 19.19 17.76 16.09 15.53 17.20 15.92 15.01 15.24 15.24 13.56 37.62 26.88 25.97 24.82 21.94 21.37 21.22 19.94 19.13 18.74 18.16 17.54 17.25 19.38 20.58 20.85 22.15 35.85 31.92 70.23 39.54 45.07 48.51 72.58 71.92 42.46 27.04 29.62 29.97 24.94 29.85 31.48 35.93 36.43 61.34 90.28 33.37 47.76 35.65 35.65 34.73 12.50 3.20 7.76 8.00 23.63 7.86 13.21 13.09 17.87 16.68 17.24 18.12 18.74 18.36 19.64 19.82 18.90 18.75 16.86 173.85 176.42 176.53 172.89 108.38 108.03 107.70 108.63 141.53 130.96 108.62 101.58 38.62 86.48 148.71 120.68 109.32 109.14 108.97 107.86 108.64 109.58 109.26 108.94 73.73 108.57 89.97 44.85 29.15 
32.39 27.24 11.78 18.89 11.84 12.37 13.00 12.10 10.31 10.44 8.32 6.15 5.79 2.69 0.00 1.00 5.59 46.53 47.38 56.89 32.57 24.80 24.98 25.16 24.84 21.41 19.65 16.55 15.60 14.50 17.00 19.11 30.68 63.53 31.24 22.21 21.27 19.68 18.09 17.44 18.79 17.20 16.28 16.82 16.82 15.53 40.20 29.56 28.56 27.34 24.40 23.83 23.69 22.31 21.57 21.15 20.54 19.95 19.76 22.05 23.24 23.44 24.69 38.42 34.56 72.09 42.20 47.63 51.00 75.01 74.33 45.12 29.73 32.31 32.65 27.60 32.50 34.13 38.59 38.95 64.01 92.97 35.44 48.26 35.78 35.78 34.89 13.45 1.00 10.05 10.53 26.23 10.48 15.46 15.30 19.70 18.76 19.42 20.25 20.86 20.52 21.88 22.15 21.26 21.05 19.21 176.41 179.01 179.12 175.57 111.07 110.72 110.39 111.32 144.01 133.38 111.16 104.12 41.19 88.81 151.38 123.37 112.01 111.84 111.66 110.55 111.33 112.27 111.95 111.63 75.93 111.11 92.66 47.51 31.80 
31.40 26.41 11.71 18.78 12.03 12.65 13.42 12.75 10.74 10.77 8.43 6.59 6.04 1.80 1.00 0.00 4.61 45.54 46.39 55.90 31.62 23.80 24.01 24.20 23.87 20.42 18.68 15.58 14.67 13.71 16.12 18.25 29.85 62.65 30.48 21.71 20.77 19.25 17.62 17.02 18.51 17.04 16.12 16.54 16.54 15.07 39.20 28.67 27.77 26.60 23.70 23.13 22.98 21.66 20.87 20.48 19.88 19.28 19.03 21.17 22.38 22.65 23.93 37.64 33.73 71.18 41.23 46.86 50.00 74.33 73.66 44.15 28.79 31.38 31.76 26.74 31.65 33.29 37.74 38.21 63.13 92.03 34.48 47.71 35.34 35.34 34.44 12.73 1.41 9.06 9.53 25.24 9.66 14.87 14.73 19.31 18.26 18.87 19.72 20.34 19.98 21.30 21.52 20.62 20.44 18.57 175.41 178.02 178.13 174.61 110.14 109.79 109.44 110.37 143.01 132.38 110.16 103.12 40.20 87.82 150.42 122.43 111.07 110.90 110.72 109.61 110.39 111.33 111.00 110.68 74.95 110.11 91.71 46.65 30.96 
26.80 22.19 11.46 17.92 12.95 13.90 15.21 15.53 12.75 12.38 9.45 9.11 8.02 3.00 5.59 4.61 0.00 40.94 41.80 51.68 27.77 19.24 19.41 19.61 19.27 15.83 14.08 10.97 10.15 9.82 11.80 13.94 25.66 58.23 26.52 18.97 18.06 16.92 15.16 14.78 16.90 16.07 15.21 15.00 15.00 12.76 34.63 24.24 23.70 22.76 20.04 19.46 19.30 18.25 17.28 16.98 16.48 15.80 15.26 16.81 18.06 18.60 20.05 33.60 29.48 67.53 36.62 42.82 45.51 70.61 69.97 39.54 24.23 26.86 27.35 22.41 27.36 29.00 33.43 34.31 58.74 87.45 30.55 46.30 34.63 34.63 33.68 10.97 5.85 4.92 5.00 20.65 5.74 11.89 11.86 17.18 15.60 15.98 16.92 17.55 17.09 18.22 18.21 17.24 17.22 15.25 170.85 173.44 173.54 170.02 105.58 105.22 104.87 105.78 138.53 127.97 105.62 98.58 35.63 83.52 145.81 117.86 106.51 106.33 106.16 105.05 105.81 106.75 106.42 106.10 70.83 105.58 87.12 42.30 26.68 
14.14 24.51 44.85 44.85 48.03 49.25 51.24 53.56 50.06 49.09 46.52 48.32 47.02 43.91 46.53 45.54 40.94 0.00 1.41 19.72 22.67 21.83 21.81 21.80 22.01 25.12 27.07 30.02 31.44 34.44 31.02 29.39 22.99 25.08 25.55 36.53 36.75 38.68 38.23 39.16 41.75 43.93 43.93 41.78 41.78 39.06 6.71 20.43 25.34 27.94 30.46 30.58 30.52 32.67 31.90 32.60 33.35 33.16 31.79 26.70 26.19 28.09 28.65 23.35 20.69 41.18 5.83 24.70 8.60 48.26 48.17 3.61 18.25 16.76 18.79 23.12 20.85 20.25 18.38 25.50 26.00 47.89 20.81 50.70 49.20 49.20 48.41 39.40 46.69 36.88 36.04 20.30 37.22 36.87 37.28 39.56 37.30 36.14 36.40 36.38 35.92 34.66 33.34 33.24 34.12 34.23 130.10 132.54 132.64 129.69 66.24 65.76 65.30 65.80 98.41 88.65 65.01 58.03 5.83 46.10 105.30 78.26 67.12 66.88 66.65 65.53 66.19 67.08 66.64 66.21 36.88 65.03 47.41 17.72 21.38 
15.03 25.78 45.95 46.08 49.13 50.36 52.35 54.61 51.12 50.16 47.56 49.30 48.00 44.78 47.38 46.39 41.80 1.41 0.00 18.36 22.63 22.62 22.80 22.82 23.00 25.97 28.02 30.91 32.40 35.50 32.06 30.48 24.33 25.63 26.93 37.81 38.01 39.92 39.44 40.36 42.98 45.14 45.12 42.98 42.98 40.22 7.28 21.69 26.67 29.26 31.74 31.85 31.78 33.93 33.13 33.83 34.57 34.37 32.97 27.83 27.36 29.31 29.92 24.76 22.09 39.82 7.21 26.00 7.21 49.16 49.09 5.00 19.42 18.03 20.12 24.38 22.21 21.63 19.80 26.91 26.57 47.51 20.62 50.16 49.04 49.04 48.27 39.92 47.52 37.66 36.87 21.15 38.20 38.01 38.42 40.80 38.52 37.36 37.64 37.63 37.17 35.92 34.60 34.48 35.36 35.43 129.14 131.64 131.75 129.10 65.86 65.37 64.88 65.31 97.33 87.48 64.00 57.01 6.32 44.78 104.68 77.83 66.73 66.48 66.24 65.12 65.76 66.65 66.19 65.74 35.47 64.01 47.01 18.97 22.73 
28.30 41.50 58.75 60.54 61.74 62.97 64.85 66.43 63.09 62.30 59.39 60.38 59.12 54.62 56.89 55.90 51.68 19.72 18.36 0.00 25.00 33.59 35.69 36.01 35.96 37.15 39.92 42.00 44.21 48.18 44.78 43.78 40.94 40.00 43.86 53.12 53.11 54.68 53.79 54.58 57.52 59.26 59.03 57.07 57.07 53.94 21.26 37.47 42.92 45.42 47.30 47.26 47.15 49.10 48.01 48.66 49.29 48.88 47.23 41.77 41.76 44.27 45.39 42.80 39.48 21.47 25.00 44.28 11.18 65.19 65.28 23.32 34.41 34.06 36.80 39.96 39.11 38.90 37.80 45.00 41.00 51.22 22.00 41.73 45.65 45.65 45.18 46.01 56.72 46.87 46.76 32.90 49.74 51.53 51.93 55.57 53.01 51.97 52.48 52.62 52.05 51.10 49.76 49.40 50.29 49.84 122.00 125.40 125.63 127.53 68.59 67.88 67.18 66.60 88.36 77.00 57.28 50.29 20.52 32.06 102.96 79.40 69.30 68.94 68.59 67.53 67.90 68.62 67.94 67.27 19.31 57.01 50.45 37.16 39.49 
15.03 26.22 36.70 40.31 39.33 40.50 42.19 43.16 40.07 39.45 36.43 36.82 35.64 30.55 32.57 31.62 27.77 22.67 22.63 25.00 0.00 13.73 17.57 18.22 17.83 16.28 19.21 19.96 22.57 26.95 24.08 24.02 27.77 47.17 30.81 34.95 34.57 35.42 34.04 34.55 37.66 38.68 38.21 36.63 36.63 33.30 16.64 23.53 28.41 30.13 30.46 30.15 29.97 31.23 29.83 30.29 30.65 29.99 28.21 23.33 24.06 26.92 28.72 34.01 28.87 39.82 22.36 40.45 22.36 68.01 67.72 23.85 20.22 22.02 25.08 24.84 27.20 28.07 30.07 36.06 48.02 69.63 3.00 30.27 26.63 26.63 25.81 21.02 32.28 22.85 23.17 14.40 27.19 30.90 31.26 36.24 33.55 32.80 33.60 33.97 33.31 32.95 31.80 31.06 31.84 30.64 146.66 149.83 150.03 149.97 87.92 87.37 86.82 86.95 113.28 102.00 81.58 74.53 17.20 57.04 125.40 99.64 88.75 88.48 88.20 87.09 87.66 88.51 87.98 87.46 43.57 81.39 69.07 35.44 27.10 
7.82 12.84 25.16 27.50 28.15 29.38 31.28 33.02 29.61 28.78 25.93 27.23 25.94 22.23 24.80 23.80 19.24 21.83 22.62 33.59 13.73 0.00 4.03 4.73 4.26 3.59 6.35 8.58 10.63 14.62 11.30 10.70 15.02 41.86 17.81 21.37 21.06 22.14 20.92 21.57 24.65 26.04 25.72 23.89 23.89 20.63 15.41 11.05 15.12 16.57 16.73 16.42 16.24 17.56 16.18 16.68 17.11 16.50 14.72 9.63 10.33 13.19 15.01 22.44 17.15 51.76 18.07 30.40 26.39 58.99 58.55 20.82 8.47 11.14 13.50 11.63 15.10 16.37 19.64 24.19 42.53 69.14 15.34 42.26 35.29 35.29 34.32 18.48 24.91 15.04 14.27 1.84 16.28 18.19 18.58 22.99 20.31 19.45 20.17 20.48 19.83 19.34 18.15 17.46 18.27 17.25 151.62 154.22 154.33 151.38 87.42 87.01 86.60 87.30 119.37 108.98 86.38 79.35 16.40 64.87 127.05 99.60 88.33 88.12 87.92 86.80 87.52 88.43 88.05 87.67 52.91 86.35 68.74 27.22 14.78 
7.89 8.81 23.45 24.87 26.58 27.81 29.77 31.87 28.39 27.46 24.79 26.50 25.20 22.31 24.98 24.01 19.41 21.81 22.80 35.69 17.57 4.03 0.00 0.70 0.28 4.39 5.34 8.48 9.63 12.85 9.37 8.12 11.07 39.72 13.80 18.03 17.84 19.16 18.15 18.90 21.89 23.57 23.36 21.38 21.38 18.27 15.95 7.27 11.09 12.59 12.98 12.73 12.57 14.09 12.80 13.37 13.89 13.38 11.66 6.24 6.64 9.49 11.19 18.72 13.48 54.65 17.22 27.02 27.51 55.67 55.20 20.16 5.37 8.20 10.02 7.61 11.35 12.74 16.37 20.37 40.33 68.09 18.93 46.28 39.07 39.07 38.09 20.80 25.25 15.92 14.73 3.24 15.41 15.88 16.29 20.04 17.42 16.44 17.06 17.29 16.67 15.98 14.72 14.14 15.00 14.26 151.91 154.33 154.42 150.62 86.28 85.90 85.54 86.39 120.08 110.00 86.80 79.81 16.94 66.35 126.40 98.53 87.20 87.02 86.83 85.72 86.47 87.41 87.06 86.72 54.94 86.81 67.75 24.48 10.96 
8.03 8.12 23.30 24.53 26.44 27.67 29.64 31.81 28.32 27.38 24.74 26.53 25.23 22.49 25.16 24.20 19.61 21.80 22.82 36.01 18.22 4.73 0.70 0.00 0.54 4.92 5.54 8.73 9.70 12.73 9.27 7.87 10.37 39.30 13.10 17.54 17.38 18.75 17.79 18.56 21.52 23.26 23.07 21.07 21.07 17.99 16.06 6.61 10.39 11.92 12.40 12.16 12.00 13.58 12.31 12.90 13.45 12.96 11.26 5.80 6.10 8.92 10.58 18.06 12.83 55.10 17.08 26.41 27.67 55.06 54.58 20.04 4.90 7.72 9.42 6.91 10.69 12.09 15.78 19.69 39.90 67.85 19.54 46.98 39.75 39.75 38.78 21.32 25.46 16.25 15.00 3.85 15.45 15.63 16.04 19.64 17.03 16.03 16.62 16.84 16.23 15.49 14.21 13.67 14.53 13.87 151.89 154.28 154.36 150.41 86.01 85.65 85.29 86.17 120.13 110.10 86.80 79.82 17.05 66.54 126.22 98.28 86.94 86.76 86.58 85.47 86.22 87.16 86.82 86.49 55.24 86.82 67.52 23.97 10.29 
8.12 8.58 23.21 24.60 26.34 27.57 29.54 31.65 28.17 27.24 24.57 26.31 25.01 22.17 24.84 23.87 19.27 22.01 23.00 35.96 17.83 4.26 0.28 0.54 0.00 4.40 5.19 8.36 9.44 12.61 9.14 7.85 10.89 39.76 13.60 17.75 17.56 18.88 17.87 18.63 21.61 23.30 23.09 21.11 21.11 18.00 16.18 7.15 10.87 12.34 12.71 12.45 12.29 13.81 12.52 13.09 13.61 13.10 11.38 5.95 6.36 9.21 10.92 18.59 13.37 54.93 17.38 26.94 27.75 55.60 55.12 20.32 5.38 8.21 9.95 7.40 11.23 12.63 16.31 20.23 40.36 68.21 19.21 46.50 39.22 39.22 38.25 20.81 25.11 15.84 14.62 3.52 15.22 15.62 16.03 19.76 17.14 16.16 16.77 17.01 16.39 15.70 14.44 13.86 14.72 13.98 152.10 154.51 154.60 150.75 86.39 86.01 85.65 86.52 120.29 110.23 87.00 80.01 17.17 66.59 126.54 98.65 87.31 87.13 86.95 85.83 86.59 87.52 87.18 86.84 55.20 87.01 67.87 24.47 10.82 
10.98 12.01 21.63 24.26 24.59 25.82 27.70 29.43 26.02 25.19 22.34 23.65 22.36 18.81 21.41 20.42 15.83 25.12 25.97 37.15 16.28 3.59 4.39 4.92 4.40 0.00 2.97 5.02 7.06 11.16 7.96 7.74 14.81 44.05 17.23 18.71 18.31 19.16 17.82 18.39 21.50 22.74 22.37 20.62 20.62 17.32 18.83 11.41 14.29 15.22 14.73 14.33 14.14 15.12 13.69 14.09 14.41 13.73 11.96 7.50 8.56 11.26 13.22 22.77 17.62 55.05 21.00 31.28 29.95 59.93 59.44 23.85 9.76 12.59 14.31 11.13 15.44 16.91 20.69 24.29 44.67 72.05 18.24 43.39 35.38 35.38 34.40 16.41 21.57 11.89 10.92 4.83 12.69 14.88 15.26 19.98 17.29 16.52 17.32 17.70 17.03 16.75 15.65 14.86 15.61 14.36 155.06 157.61 157.72 154.45 90.29 89.89 89.51 90.29 122.90 112.55 89.85 82.82 19.83 68.46 130.17 102.51 91.21 91.01 90.82 89.70 90.43 91.36 90.99 90.64 56.46 89.82 71.68 28.86 14.97 
13.00 10.60 18.83 21.29 21.85 23.09 25.00 26.88 23.44 22.56 19.78 21.31 20.01 16.98 19.65 18.68 14.08 27.07 28.02 39.92 19.21 6.35 5.34 5.54 5.19 2.97 0.00 3.22 4.43 8.27 5.00 4.88 13.78 44.65 15.81 15.88 15.44 16.21 14.86 15.42 18.53 19.78 19.42 17.65 17.65 14.36 21.02 11.04 12.78 13.27 12.32 11.87 11.67 12.43 10.98 11.33 11.58 10.88 9.12 5.32 6.61 9.00 11.00 21.95 17.04 58.01 22.56 30.81 32.39 59.36 58.83 25.50 10.30 13.04 14.14 10.07 14.82 16.40 20.52 23.26 45.22 73.39 21.21 45.71 37.12 37.12 36.12 16.64 19.92 10.82 9.48 7.16 10.22 11.92 12.30 17.03 14.34 13.60 14.42 14.82 14.15 13.96 12.92 12.08 12.79 11.45 157.16 159.62 159.71 155.94 91.55 91.18 90.82 91.71 125.20 114.98 92.01 85.00 22.02 71.06 131.73 103.82 92.48 92.29 92.11 91.00 91.76 92.70 92.36 92.03 59.24 92.00 73.05 29.07 14.26 
15.88 13.26 16.97 20.40 19.82 21.04 22.88 24.47 21.10 20.30 17.40 18.64 17.35 13.91 16.55 15.58 10.97 30.02 30.91 42.00 19.96 8.58 8.48 8.73 8.36 5.02 3.22 0.00 2.64 7.02 4.75 5.92 16.59 47.87 18.34 16.29 15.69 16.01 14.44 14.81 17.90 18.74 18.25 16.73 16.73 13.41 23.81 14.15 15.30 15.38 13.84 13.32 13.12 13.37 11.94 12.12 12.16 11.38 9.80 7.65 9.03 10.91 12.87 24.80 20.02 59.41 25.66 33.77 34.97 62.24 61.68 28.57 13.52 16.26 17.27 12.94 17.81 19.42 23.62 25.97 48.43 76.57 22.28 44.72 35.40 35.40 34.40 13.86 16.79 7.60 6.26 9.80 7.75 11.06 11.39 16.75 14.13 13.63 14.56 15.05 14.39 14.56 13.75 12.79 13.34 11.67 160.03 162.55 162.65 159.09 94.74 94.37 94.01 94.87 127.91 117.57 94.84 87.81 24.81 73.43 134.86 107.00 95.67 95.49 95.30 94.19 94.94 95.88 95.53 95.20 61.29 94.81 76.23 32.24 17.21 
17.41 12.47 14.58 17.77 17.53 18.76 20.65 22.46 19.03 18.17 15.36 16.90 15.60 12.91 15.60 14.67 10.15 31.44 32.40 44.21 22.57 10.63 9.63 9.70 9.44 7.06 4.43 2.64 0.00 4.39 2.53 4.34 15.92 48.11 17.28 13.85 13.20 13.42 11.82 12.18 15.26 16.12 15.65 14.09 14.09 10.77 25.44 14.12 14.29 13.96 12.01 11.45 11.26 11.20 9.82 9.90 9.84 9.04 7.60 6.86 8.21 9.48 11.31 24.07 19.60 61.90 26.78 33.20 36.81 61.44 60.86 29.74 14.14 16.72 17.25 12.47 17.43 19.07 23.43 25.05 48.62 77.38 24.83 47.16 37.53 37.53 36.53 15.21 15.98 7.96 6.24 11.57 5.80 8.42 8.75 14.14 11.55 11.10 12.05 12.57 11.91 12.21 11.51 10.52 10.99 9.22 161.53 163.96 164.04 160.01 95.47 95.12 94.79 95.74 129.62 119.41 96.40 89.40 26.44 75.46 135.85 107.77 96.41 96.23 96.06 94.95 95.73 96.68 96.35 96.04 63.52 96.40 77.07 32.24 16.78 
20.73 12.80 10.63 13.39 13.73 14.97 16.92 19.12 15.62 14.66 12.11 14.22 12.95 11.92 14.50 13.71 9.82 34.44 35.50 48.18 26.95 14.62 12.85 12.73 12.61 11.16 8.27 7.02 4.39 0.00 3.47 5.14 16.21 49.24 16.78 10.30 9.52 9.33 7.63 7.88 10.93 11.74 11.28 9.71 9.71 6.39 28.79 15.54 14.06 12.95 10.23 9.65 9.49 8.62 7.52 7.30 6.93 6.17 5.44 8.06 9.04 8.94 10.25 23.93 20.12 66.19 29.43 33.15 40.35 60.80 60.15 32.43 16.45 18.69 18.51 13.32 18.11 19.73 24.20 24.54 49.69 79.31 29.18 51.08 40.94 40.94 39.94 17.77 15.12 9.83 7.98 15.31 4.10 4.08 4.38 9.97 7.52 7.32 8.32 8.91 8.30 9.01 8.70 7.68 7.86 5.89 164.43 166.72 166.78 162.02 97.24 96.93 96.64 97.73 132.83 122.83 99.44 92.47 29.77 79.15 138.00 109.58 98.19 98.04 97.89 96.78 97.59 98.55 98.27 98.00 67.49 99.47 79.05 33.14 17.40 
17.26 10.41 14.09 16.30 17.20 18.44 20.40 22.55 19.06 18.11 15.50 17.45 16.16 14.33 17.00 16.12 11.80 31.02 32.06 44.78 24.08 11.30 9.37 9.27 9.14 7.96 5.00 4.75 2.53 3.47 0.00 2.14 13.89 46.53 15.00 11.54 10.96 11.43 9.96 10.47 13.58 14.78 14.42 12.65 12.65 9.36 25.32 12.58 12.06 11.54 9.48 8.93 8.73 8.70 7.30 7.42 7.41 6.63 5.10 5.05 6.27 7.10 8.86 21.93 17.68 63.01 26.08 31.11 36.88 59.20 58.60 29.07 13.15 15.52 15.65 10.62 15.57 17.20 21.63 22.80 47.01 76.24 26.17 49.48 40.01 40.01 39.01 17.72 17.49 10.30 8.49 11.88 6.61 6.92 7.30 12.21 9.54 8.94 9.85 10.32 9.66 9.81 9.04 8.06 8.59 6.93 161.05 163.37 163.44 158.93 94.24 93.92 93.61 94.64 129.39 119.36 96.02 89.05 26.31 75.69 134.85 106.57 95.19 95.03 94.87 93.76 94.56 95.51 95.21 94.92 64.08 96.05 75.96 30.53 14.88 
15.89 8.28 15.49 16.86 18.66 19.88 21.87 24.20 20.70 19.71 17.23 19.34 18.06 16.45 19.11 18.25 13.94 29.39 30.48 43.78 24.02 10.70 8.12 7.87 7.85 7.74 4.88 5.92 4.34 5.14 2.14 0.00 11.75 44.42 12.95 11.01 10.57 11.46 10.23 10.90 13.96 15.49 15.25 13.31 13.31 10.16 23.90 10.51 9.98 9.64 7.92 7.41 7.21 7.64 6.18 6.48 6.71 6.00 4.25 2.97 4.13 5.15 7.02 19.82 15.54 62.43 24.31 28.99 35.54 57.14 56.55 27.31 11.32 13.57 13.56 8.49 13.43 15.07 19.50 20.74 44.89 74.24 25.92 50.36 41.31 41.31 40.31 19.49 19.62 12.29 10.52 10.96 8.68 7.76 8.17 12.30 9.62 8.80 9.58 9.96 9.29 9.09 8.10 7.22 7.92 6.62 159.32 161.59 161.65 156.94 92.21 91.90 91.59 92.65 127.80 117.89 94.36 87.41 24.87 74.41 132.89 104.55 93.16 93.00 92.85 91.74 92.54 93.50 93.21 92.92 63.05 94.40 73.97 28.40 12.74 
13.87 3.47 24.62 22.75 27.75 28.87 30.84 33.79 30.39 29.30 27.39 29.99 28.80 28.05 30.68 29.85 25.66 22.99 24.33 40.94 27.77 15.02 11.07 10.37 10.89 14.81 13.78 16.59 15.92 16.21 13.89 11.75 0.00 33.17 3.13 14.02 14.43 16.60 16.66 17.67 19.71 22.20 22.43 20.24 20.24 18.26 19.68 4.24 2.60 5.10 8.10 8.41 8.43 10.61 10.38 11.05 11.85 12.01 11.37 9.08 7.72 7.33 6.71 8.21 3.94 61.50 17.18 17.27 30.84 45.65 45.10 19.94 7.66 6.94 4.22 3.72 2.31 3.69 8.10 9.51 33.57 63.90 28.53 57.22 50.09 50.09 49.11 30.39 31.25 23.84 22.16 13.71 20.19 16.67 17.02 17.42 15.65 14.45 14.40 14.21 13.90 12.41 11.20 11.46 12.23 13.08 150.69 152.61 152.63 146.55 81.57 81.31 81.06 82.33 120.14 110.98 86.33 79.54 20.44 69.08 122.74 93.93 82.53 82.40 82.27 81.18 82.03 83.00 82.76 82.54 59.43 86.47 63.70 17.02 1.65 
34.66 36.47 57.59 54.48 60.63 61.68 63.60 66.73 63.41 62.30 60.52 63.16 61.96 60.85 63.53 62.65 58.23 25.08 25.63 40.00 47.17 41.86 39.72 39.30 39.76 44.05 44.65 47.87 48.11 49.24 46.53 44.42 33.17 0.00 33.53 45.84 46.52 48.80 49.29 50.31 51.73 54.40 54.82 52.69 52.69 51.20 30.53 34.00 35.58 37.50 40.76 41.21 41.27 43.29 43.37 43.99 44.78 45.05 44.53 41.48 40.30 40.49 39.75 26.68 29.23 59.84 25.00 19.00 30.41 25.50 25.71 23.32 34.41 31.62 30.89 35.96 31.14 29.55 25.08 27.29 1.00 32.00 45.65 75.77 73.78 73.78 72.95 60.31 64.01 55.47 54.06 40.03 53.09 49.79 50.13 49.48 48.27 47.13 46.84 46.48 46.36 44.75 43.77 44.27 44.91 46.08 121.34 122.49 122.41 113.95 48.84 48.66 48.51 50.16 93.64 86.77 60.01 54.12 30.02 52.80 90.55 61.19 49.82 49.73 49.65 48.58 49.50 50.49 50.36 50.25 50.33 60.42 32.02 16.16 31.86 
17.00 5.24 24.08 21.34 27.10 28.16 30.08 33.20 29.90 28.79 27.15 29.94 28.80 28.69 31.24 30.48 26.52 25.55 26.93 43.86 30.81 17.81 13.80 13.10 13.60 17.23 15.81 18.34 17.28 16.78 15.00 12.95 3.13 33.53 0.00 12.54 13.12 15.39 15.77 16.79 18.42 21.03 21.38 19.22 19.22 17.70 22.63 7.34 3.05 4.02 7.26 7.74 7.83 9.77 9.98 10.56 11.32 11.68 11.50 10.69 9.31 7.94 6.56 7.21 5.14 64.54 19.72 16.40 33.60 44.20 43.60 22.36 10.77 10.00 7.07 6.20 4.76 5.39 9.00 7.81 33.84 64.78 31.62 60.07 52.61 52.61 51.62 32.20 31.89 25.24 23.47 16.62 20.87 16.46 16.77 16.12 14.75 13.60 13.34 13.02 12.85 11.26 10.25 10.77 11.38 12.66 152.21 154.00 154.00 147.30 82.23 82.00 81.79 83.19 122.00 113.05 88.12 81.39 23.35 71.55 123.63 94.59 83.20 83.09 82.98 81.89 82.76 83.74 83.55 83.36 62.20 88.28 64.63 17.46 4.39 
24.82 12.02 12.46 8.81 15.17 16.10 17.92 21.24 18.18 17.07 16.08 19.17 18.25 20.12 22.21 21.71 18.97 36.53 37.81 53.12 34.95 21.37 18.03 17.54 17.75 18.71 15.88 16.29 13.85 10.30 11.54 11.01 14.02 45.84 12.54 0.00 0.94 3.04 4.19 5.02 5.90 8.56 9.01 6.98 6.98 6.72 32.21 16.12 11.44 8.94 6.07 5.96 6.04 4.02 5.23 4.69 4.30 5.01 6.76 11.82 11.49 8.85 7.89 19.16 17.50 72.62 30.84 27.77 43.83 53.44 52.71 33.72 18.79 19.78 17.95 13.45 16.32 17.53 21.52 18.85 46.09 77.29 36.70 61.00 51.20 51.20 50.20 28.04 23.07 20.06 18.23 21.22 13.57 7.09 7.12 3.64 3.45 3.04 2.06 1.43 2.00 2.05 3.36 3.91 3.11 4.63 164.65 166.50 166.50 159.74 94.64 94.43 94.24 95.68 134.15 124.91 100.35 93.55 33.09 82.54 136.13 107.00 95.62 95.51 95.41 94.33 95.22 96.20 96.02 95.84 72.13 100.48 77.15 29.92 15.66 
24.80 12.25 11.59 8.32 14.36 15.31 17.16 20.44 17.34 16.22 15.17 18.25 17.33 19.19 21.27 20.77 18.06 36.75 38.01 53.11 34.57 21.06 17.84 17.38 17.56 18.31 15.44 15.69 13.20 9.52 10.96 10.57 14.43 46.52 13.12 0.94 0.00 2.28 3.26 4.12 5.31 7.91 8.30 6.20 6.20 5.78 32.29 16.32 11.84 9.40 6.38 6.18 6.24 4.09 5.10 4.48 3.96 4.58 6.36 11.60 11.38 8.86 8.10 19.87 18.01 72.48 31.10 28.55 43.95 54.35 53.62 34.00 18.87 19.99 18.28 13.63 16.74 18.00 22.07 19.62 46.79 77.90 36.39 60.36 50.45 50.45 49.45 27.22 22.13 19.23 17.41 21.00 12.69 6.18 6.20 3.01 2.51 2.20 1.20 0.63 1.30 2.09 3.42 3.72 2.84 4.03 165.12 167.00 167.01 160.39 95.30 95.08 94.88 96.30 134.53 125.22 100.74 93.93 33.19 82.71 136.75 107.66 96.27 96.17 96.06 94.98 95.86 96.84 96.65 96.47 72.17 100.87 77.75 30.56 16.06 
26.40 14.26 9.46 6.20 12.13 13.06 14.89 18.20 15.15 14.04 13.15 16.27 15.42 17.76 19.68 19.25 16.92 38.68 39.92 54.68 35.42 22.14 19.16 18.75 18.88 19.16 16.21 16.01 13.42 9.33 11.43 11.46 16.60 48.80 15.39 3.04 2.28 0.00 1.80 2.24 3.11 5.64 6.02 3.94 3.94 4.21 34.04 18.26 14.01 11.62 8.51 8.25 8.27 6.07 6.80 6.11 5.41 5.80 7.50 12.95 12.93 10.63 10.13 22.14 20.24 73.78 33.08 30.81 45.72 56.39 55.64 36.01 20.65 21.93 20.37 15.57 18.91 20.20 24.32 21.88 49.07 80.16 37.37 60.41 50.12 50.12 49.13 26.63 20.58 18.64 16.89 22.24 11.90 5.45 5.31 0.89 1.89 2.72 2.28 2.40 2.77 4.20 5.43 5.44 4.56 4.90 167.29 169.21 169.22 162.67 97.58 97.36 97.16 98.57 136.61 127.23 102.86 96.03 34.95 84.55 139.02 109.94 98.55 98.44 98.34 97.26 98.14 99.12 98.93 98.75 73.81 102.97 80.02 32.83 18.22 
25.59 14.03 8.46 6.75 11.37 12.40 14.31 17.48 14.27 13.15 11.95 15.01 14.07 16.09 18.09 17.62 15.16 38.23 39.44 53.79 34.04 20.92 18.15 17.79 17.87 17.82 14.86 14.44 11.82 7.63 9.96 10.23 16.66 49.29 15.77 4.19 3.26 1.80 0.00 1.02 3.74 5.71 5.80 3.61 3.61 2.56 33.36 17.90 14.07 11.85 8.61 8.25 8.23 6.07 6.42 5.71 4.93 5.07 6.58 12.03 12.18 10.16 10.00 22.73 20.42 72.66 32.72 31.57 45.06 57.60 56.87 35.67 20.06 21.54 20.22 15.23 18.94 20.32 24.56 22.63 49.59 80.46 36.06 58.69 48.34 48.34 47.35 24.83 18.97 16.84 15.10 21.15 10.10 3.67 3.51 2.34 1.02 2.21 2.51 3.00 2.95 4.57 5.53 5.20 4.44 4.02 167.24 169.23 169.25 163.05 97.99 97.75 97.53 98.89 136.37 126.85 102.67 95.81 34.29 83.94 139.32 110.36 98.96 98.84 98.73 97.64 98.51 99.49 99.28 99.08 72.99 102.77 80.29 33.23 18.23 
26.42 15.02 7.49 5.97 10.36 11.38 13.30 16.47 13.28 12.17 11.05 14.14 13.25 15.53 17.44 17.02 14.78 39.16 40.36 54.58 34.55 21.57 18.90 18.56 18.63 18.39 15.42 14.81 12.18 7.88 10.47 10.90 17.67 50.31 16.79 5.02 4.12 2.24 1.02 0.00 3.11 4.78 4.82 2.63 2.63 2.02 34.23 18.87 15.09 12.87 9.63 9.27 9.24 7.09 7.41 6.70 5.91 6.00 7.43 12.84 13.06 11.12 11.01 23.74 21.44 73.32 33.67 32.56 45.93 58.47 57.73 36.63 20.96 22.49 21.21 16.20 19.95 21.34 25.58 23.61 50.60 81.48 36.63 58.82 48.30 48.30 47.32 24.70 18.34 16.75 15.04 21.86 9.95 3.80 3.55 2.41 2.04 3.22 3.49 3.94 3.96 5.57 6.55 6.21 5.46 4.92 168.24 170.23 170.26 164.06 99.01 98.77 98.55 99.91 137.33 127.79 103.65 96.78 35.17 84.82 140.34 111.37 99.98 99.86 99.75 98.66 99.53 100.50 100.30 100.10 73.79 103.74 81.31 34.25 19.24 
29.29 17.36 7.55 3.10 9.73 10.51 12.22 15.65 12.83 11.75 11.43 14.59 13.92 17.20 18.79 18.51 16.90 41.75 42.98 57.52 37.66 24.65 21.89 21.52 21.61 21.50 18.53 17.90 15.26 10.93 13.58 13.96 19.71 51.73 18.42 5.90 5.31 3.11 3.74 3.11 0.00 2.69 3.30 1.96 1.96 4.66 37.01 21.35 17.11 14.70 11.62 11.36 11.39 9.18 9.85 9.15 8.41 8.69 10.29 15.75 15.85 13.67 13.24 25.05 23.32 76.39 36.17 33.56 48.71 58.55 57.78 39.11 23.66 25.01 23.48 18.66 22.02 23.30 27.38 24.67 51.98 83.18 39.74 61.69 50.95 50.95 49.97 27.24 19.74 19.38 17.76 24.89 12.59 6.85 6.55 2.30 4.52 5.63 5.38 5.51 5.87 7.31 8.55 8.51 7.65 7.69 170.40 172.30 172.31 165.64 100.54 100.33 100.14 101.58 139.72 130.32 105.97 99.14 37.94 87.56 142.03 112.90 101.52 101.41 101.31 100.23 101.12 102.10 101.92 101.75 76.70 106.09 83.05 35.82 21.33 
31.16 19.70 5.50 1.87 7.21 7.90 9.55 13.01 10.32 9.28 9.36 12.48 11.96 15.92 17.20 17.04 16.07 43.93 45.14 59.26 38.68 26.04 23.57 23.26 23.30 22.74 19.78 18.74 16.12 11.74 14.78 15.49 22.20 54.40 21.03 8.56 7.91 5.64 5.71 4.78 2.69 0.00 0.92 2.19 2.19 5.42 39.00 23.61 19.60 17.25 14.10 13.80 13.81 11.60 12.11 11.40 10.62 10.77 12.21 17.59 17.84 15.87 15.63 27.72 25.87 77.79 38.42 36.25 50.70 61.13 60.35 41.38 25.74 27.24 25.87 20.93 24.50 25.82 29.96 27.36 54.65 85.81 40.89 61.68 50.55 50.55 49.58 26.78 18.18 19.15 17.68 26.45 12.52 7.86 7.48 4.92 6.66 7.85 7.80 8.03 8.30 9.82 11.00 10.84 10.01 9.70 172.87 174.81 174.83 168.29 103.19 102.98 102.78 104.21 142.06 132.56 108.35 101.50 39.94 89.59 144.66 115.56 104.17 104.07 103.96 102.88 103.77 104.75 104.56 104.38 78.50 108.45 85.66 38.46 23.80 
31.02 19.83 4.59 2.72 6.44 7.21 8.94 12.35 9.55 8.49 8.46 11.58 11.05 15.01 16.28 16.12 15.21 43.93 45.12 59.03 38.21 25.72 23.36 23.07 23.09 22.37 19.42 18.25 15.65 11.28 14.42 15.25 22.43 54.82 21.38 9.01 8.30 6.02 5.80 4.82 3.30 0.92 0.00 2.20 2.20 5.10 38.90 23.68 19.84 17.54 14.35 14.02 14.01 11.82 12.22 11.52 10.72 10.80 12.15 17.46 17.78 15.93 15.80 28.16 26.15 77.42 38.47 36.77 50.60 61.85 61.07 41.44 25.71 27.29 26.02 21.02 24.72 26.08 30.27 27.86 55.08 86.15 40.46 60.93 49.73 49.73 48.76 25.96 17.26 18.38 16.95 26.18 11.82 7.53 7.13 5.39 6.80 8.00 8.06 8.35 8.56 10.13 11.24 11.00 10.21 9.72 173.05 175.03 175.05 168.67 103.59 103.37 103.16 104.56 142.14 132.57 108.46 101.60 39.85 89.49 145.00 115.95 104.56 104.45 104.35 103.26 104.14 105.12 104.92 104.74 78.29 108.56 85.99 38.83 24.01 
28.97 17.63 5.74 3.68 8.22 9.12 10.96 14.27 11.26 10.16 9.58 12.74 12.02 15.24 16.82 16.54 15.00 41.78 42.98 57.07 36.63 23.89 21.38 21.07 21.11 20.62 17.65 16.73 14.09 9.71 12.65 13.31 20.24 52.69 19.22 6.98 6.20 3.94 3.61 2.63 1.96 2.19 2.20 0.00 0.00 3.32 36.81 21.50 17.64 15.36 12.16 11.82 11.81 9.63 10.02 9.32 8.53 8.63 10.03 15.39 15.66 13.75 13.60 26.06 23.96 75.64 36.30 34.75 48.51 60.16 59.40 39.26 23.58 25.12 23.82 18.83 22.52 23.88 28.09 25.82 52.97 83.98 38.80 60.09 49.20 49.20 48.22 25.46 17.78 17.66 16.10 24.27 10.91 5.74 5.38 3.44 4.60 5.80 5.89 6.21 6.38 7.96 9.06 8.80 8.01 7.55 170.85 172.83 172.85 166.52 101.44 101.22 101.01 102.39 139.96 130.42 106.27 99.41 37.76 87.41 142.83 113.81 102.42 102.30 102.20 101.11 101.99 102.96 102.76 102.58 76.30 106.37 83.81 36.68 21.81 
28.97 17.63 5.74 3.68 8.22 9.12 10.96 14.27 11.26 10.16 9.58 12.74 12.02 15.24 16.82 16.54 15.00 41.78 42.98 57.07 36.63 23.89 21.38 21.07 21.11 20.62 17.65 16.73 14.09 9.71 12.65 13.31 20.24 52.69 19.22 6.98 6.20 3.94 3.61 2.63 1.96 2.19 2.20 0.00 0.00 3.32 36.81 21.50 17.64 15.36 12.16 11.82 11.81 9.63 10.02 9.32 8.53 8.63 10.03 15.39 15.66 13.75 13.60 26.06 23.96 75.64 36.30 34.75 48.51 60.16 59.40 39.26 23.58 25.12 23.82 18.83 22.52 23.88 28.09 25.82 52.97 83.98 38.80 60.09 49.20 49.20 48.22 25.46 17.78 17.66 16.10 24.27 10.91 5.74 5.38 3.44 4.60 5.80 5.89 6.21 6.38 7.96 9.06 8.80 8.01 7.55 170.85 172.83 172.85 166.52 101.44 101.22 101.01 102.39 139.96 130.42 106.27 99.41 37.76 87.41 142.83 113.81 102.42 102.30 102.20 101.11 101.99 102.96 102.76 102.58 76.30 106.37 83.81 36.68 21.81 
25.97 15.36 6.39 7.00 9.49 10.62 12.60 15.55 12.21 11.10 9.60 12.59 11.60 13.56 15.53 15.07 12.76 39.06 40.22 53.94 33.30 20.63 18.27 17.99 18.00 17.32 14.36 13.41 10.77 6.39 9.36 10.16 18.26 51.20 17.70 6.72 5.78 4.21 2.56 2.02 4.66 5.42 5.10 3.32 3.32 0.00 33.89 19.01 15.72 13.70 10.44 9.99 9.93 7.93 7.89 7.23 6.43 6.26 7.32 12.45 12.87 11.31 11.55 24.79 22.12 72.37 33.69 33.75 45.58 60.05 59.33 36.68 20.81 22.56 21.55 16.40 20.48 21.95 26.29 24.82 51.53 82.15 35.49 57.04 46.39 46.39 45.40 22.74 16.41 14.81 13.15 21.08 8.01 2.44 2.06 4.43 3.32 4.24 4.88 5.45 5.25 6.80 7.51 6.93 6.35 5.18 168.51 170.59 170.62 164.80 99.79 99.54 99.30 100.59 137.39 127.70 103.78 96.88 34.85 84.47 140.99 112.16 100.75 100.63 100.51 99.42 100.27 101.24 101.01 100.80 73.20 103.86 81.96 35.08 19.76 
8.06 20.36 39.36 40.09 42.50 43.74 45.71 47.82 44.34 43.42 40.73 42.33 41.04 37.62 40.20 39.20 34.63 6.71 7.28 21.26 16.64 15.41 15.95 16.06 16.18 18.83 21.02 23.81 25.44 28.79 25.32 23.90 19.68 30.53 22.63 32.21 32.29 34.04 33.36 34.23 37.01 39.00 38.90 36.81 36.81 33.89 0.00 16.28 21.68 24.20 26.26 26.27 26.18 28.22 27.25 27.93 28.62 28.32 26.79 21.45 21.17 23.44 24.36 22.36 18.44 42.01 6.08 26.17 11.70 52.17 51.97 7.21 13.42 12.81 15.56 18.85 17.90 17.80 17.46 24.60 31.38 54.59 15.23 45.88 43.27 43.27 42.44 32.70 40.31 30.41 29.67 14.01 31.25 31.58 32.00 34.93 32.50 31.38 31.78 31.85 31.32 30.23 28.89 28.64 29.53 29.34 136.24 138.81 138.92 136.36 72.95 72.47 72.01 72.50 104.17 94.05 71.03 64.01 1.00 50.60 111.95 84.97 73.82 73.59 73.36 72.24 72.90 73.79 73.35 72.92 39.96 71.01 54.12 20.02 18.24 
9.79 4.11 25.14 24.45 28.33 29.52 31.52 34.19 30.71 29.66 27.42 29.74 28.48 26.88 29.56 28.67 24.24 20.43 21.69 37.47 23.53 11.05 7.27 6.61 7.15 11.41 11.04 14.15 14.12 15.54 12.58 10.51 4.24 34.00 7.34 16.12 16.32 18.26 17.90 18.87 21.35 23.61 23.68 21.50 21.50 19.01 16.28 0.00 5.52 7.95 10.07 10.16 10.09 12.24 11.51 12.22 12.99 12.88 11.70 7.54 6.50 7.75 8.23 11.45 6.22 57.73 14.83 19.90 27.78 48.54 48.04 17.77 3.44 3.67 3.14 2.69 4.08 5.50 9.48 13.14 34.51 63.78 24.29 53.10 46.31 46.31 45.33 27.58 30.02 21.70 20.18 9.61 19.18 17.02 17.42 19.14 16.95 15.77 15.98 15.95 15.50 14.23 12.90 12.83 13.70 13.97 149.50 151.61 151.66 146.49 81.71 81.40 81.10 82.20 118.47 108.98 84.80 77.92 17.12 66.42 122.49 94.05 82.66 82.51 82.35 81.25 82.06 83.01 82.73 82.46 56.23 84.89 63.52 18.14 3.73 
15.28 2.30 22.10 20.16 25.21 26.32 28.28 31.26 27.88 26.79 24.94 27.61 26.43 25.97 28.56 27.77 23.70 25.34 26.67 42.92 28.41 15.12 11.09 10.39 10.87 14.29 12.78 15.30 14.29 14.06 12.06 9.98 2.60 35.58 3.05 11.44 11.84 14.01 14.07 15.09 17.11 19.60 19.84 17.64 17.64 15.72 21.68 5.52 0.00 2.60 5.50 5.82 5.84 8.02 7.83 8.49 9.30 9.49 8.99 7.65 6.26 5.12 4.18 9.90 6.40 63.25 19.57 19.12 33.03 47.16 46.57 22.39 8.88 8.88 6.58 3.57 4.90 6.25 10.58 10.76 35.95 66.44 29.42 57.35 49.67 49.67 48.68 29.16 29.17 22.25 20.50 14.07 18.12 14.21 14.55 14.82 13.06 11.86 11.80 11.61 11.30 9.81 8.60 8.88 9.63 10.55 153.29 155.21 155.23 149.08 84.08 83.82 83.58 84.88 122.71 113.51 88.91 82.11 22.48 71.44 125.29 96.44 85.04 84.91 84.79 83.70 84.55 85.52 85.30 85.08 61.57 89.04 66.26 19.43 4.22 
